3
16 7
sigmoid
0.31087007257151617 -0.32203807802447454 0.35468628075337455 0.8470894258498413 -0.018998691832552338 0.34515060990242596 0.10840700821772123 
-0.06821246341472458 0.41867294734856675 0.3051067800231468 0.2277656025222516 0.055214967249046815 0.5547805985472547 0.5594639431761685 
0.13287940871310666 -0.5888195253361534 -0.7452406506774801 0.3632916161024792 -1.0006656239855651 -0.16019493060513879 0.43806042589890826 
0.10427183781911291 -0.803520721975603 -0.5695382450170451 -0.31541445065731955 -0.2042122143885951 -0.016137397386272703 0.5730127287021393 
0.1755898945926876 -0.12788380565508198 0.32522188478798375 -0.7076500483227622 -0.2459243766602572 0.015479872904119731 -0.4736728135547655 
0.05869465688667293 -0.1005183322151324 -0.5398393620841269 0.40205116112017064 -0.6013393108492693 -0.6430835598593256 -0.4179452502042174 
0.20967748756350268 -0.003092925408797323 0.21058551021632252 0.0755616949506607 -0.4409905068863778 0.3488076828012742 -0.12103109860118146 
0.6641378719219309 -0.6791887657716164 0.08932231282939891 0.044860699538235294 -0.6808530805000548 -1.0176706724620481 0.3851324095591032 
-0.3248993647520142 -0.49555644382462466 -0.9426096905679847 0.23213984199032323 -0.47353178454628436 -0.3301095851058279 0.06550941923598712 
0.29314909890149626 0.01893034197471692 -0.0014934320832926571 -0.15769638829165064 -0.34290248461096023 0.8322627789290081 0.11544717880969453 
-0.23489781739012155 -0.09827480755049767 -0.12537154576010318 -0.12705880925279298 0.01636907618344639 -0.3386247465161338 0.5733966017617267 
-0.011179265662522617 0.39671620831210963 0.28142831233901233 -0.1856062477384446 -0.17963725377929438 0.2700529171910808 0.12861424645574698 
-0.4906042502954155 0.5827290037304815 0.1968287868222692 0.29124534439925726 0.5361404701677904 0.1490475878551964 -0.4201455007029431 
-0.0159558587027688 0.31353851200981264 0.35142368897820464 0.18644510211811327 0.5347542658606268 -0.32543989107502624 -0.44145339695414304 
0.518423354905074 -0.1528771057538978 0.5300408699263637 0.11574185047096469 0.6803390752594876 -0.13549417931388352 0.030693345782416163 
-0.21098678324284195 -0.05293747768908985 -0.7119019766209823 0.14043634239091196 -0.035264373789195586 0.016119150122024212 -0.6870123349441295 
0.011238359569041645 -0.005599029953818447 -0.04350143450659682 -0.014000665966245596 -7.333106434970928E-4 -0.003767556385471443 -5.829953790138678E-4 -0.06755186245077258 0.07210352699458543 0.0053938818115950365 -0.008620578559529234 -0.0016086585006784009 0.0031254868328890206 0.010448746836005862 0.003708777372394296 0.028287064688355956 
16 16
sigmoid
0.20097440159249105 -0.13270163281477704 0.09106231185790495 -0.2713416865801553 0.28850048880676665 -0.4863599440333629 -0.14057131714196988 -0.21539020554704932 -0.31961402624467683 0.023925304818043645 -0.11869733166982449 -0.06985619976926279 0.40934040808970107 0.03633050585954657 -0.1888312350003104 -0.01108356698363287 
-0.28449148143248904 -0.10002088345063566 0.1222204120289299 0.22993785242692266 0.20465452513332094 0.020014210726239847 0.06676046737492783 0.08537905831229951 -0.02718059957298843 -0.10755222607540038 0.19676802625150777 0.005845694652034885 0.45129783262515194 -0.240223107388595 0.28754023131815293 -0.19439882737006586 
0.11127456647448161 0.33290455011581627 0.07922107914323008 -0.23291317251150462 -0.17377491402290038 0.003484829445986215 -0.08198703101107184 0.14253555612597296 -0.24522567484557808 -0.11482856513889235 -0.22078145165314986 0.25407105678463543 0.06879121041869266 0.0794774464340043 -0.19772311002423507 -0.44536678239329064 
-0.07602079099624086 0.21352050831219213 -0.11845678104154878 -0.11239236502466869 -0.3520373270330799 -0.036337314901995856 0.013846174415762667 0.05132876601572922 -0.08749938834572085 -0.11249244108032544 0.15133568716700072 0.316372913375918 0.20491668557835852 0.18001230118596734 0.22475287516096523 -0.24148210795275407 
0.23775290972539737 -0.050216821070270465 0.3606803912366489 0.08486990285848735 -0.2964966596378009 -0.4291279515304633 -0.4335666344627232 0.006717721134736508 0.3230289489283518 0.37986687887880904 0.1515990803855088 -0.011884339311774692 -0.20905468245456912 -0.04345654727074333 -0.24443443825616595 -0.05847894054134881 
-0.6157414581299927 -0.27463566821207497 0.5869014336439624 0.17785184655641711 0.13055896694782834 0.3783611558556498 -0.0034698142900090453 0.5788407028240649 0.08703923498439466 -0.08276765666712929 0.02217637288183097 -0.04128051293463382 -0.08937508796905905 -0.4781272771937107 0.13884432372883487 0.3737675433470528 
0.029780970720161237 0.3989369554777774 -0.7405216698144453 -0.38941738638614143 -0.13636500375050498 -0.16374967062274987 -0.30131384863287813 -0.08738036533445005 -0.6126131043368315 0.22878159636704737 -0.31509578780159353 0.20725105414974143 0.7799130495943173 0.3198756241411908 0.23751245031777102 -0.012070617574738422 
-0.25562390151250036 -0.18940105526343426 -0.42338662814283107 0.17542255328136244 -0.00852089083645693 -0.23826450636378912 0.3271396472690876 -0.3671143525399346 -0.02517618492699631 -0.5259604590027881 0.09600475147894118 -0.13634533385347974 -0.018495688760503438 0.10694855505637127 -0.01387621577799986 0.37985228555196476 
0.38073329459287897 0.3443719444086949 -0.028823299825829034 0.10764248424854661 0.08249929726898576 -0.11925134106501055 -0.22473429554588187 0.4239912630072654 -0.12911035678164864 0.09852351660009805 -0.5379454161790886 0.041905471154169975 0.0835197675021145 0.1017900940284312 0.33702570144213373 0.031029014979480043 
0.05674896152549813 0.3948850167941347 -0.5191823068159277 -0.5364532853354697 0.14554503895307738 -0.3163347479491856 0.06585960858282228 -0.4047701295403224 -0.7784880057896949 -0.04571446081552372 -0.019920406187367175 0.05416973522597279 0.4935267358457608 0.6936156270252075 0.5206954118822964 -0.1835739774441178 
-0.0831344032353016 -0.30499523172462295 0.2847785414915658 0.21209129981845873 -0.11146926652487325 -0.07168563224496106 0.3697925160908287 0.11949476452769958 0.2923787257612352 -0.19341110723289395 0.2486397533960217 -0.02090787800062585 -0.5531388486937246 -0.08535192587083658 0.1964188166710945 -0.2759852223514565 
0.16028271967150018 0.2859585085232124 0.17918771168277203 -0.01756496219990229 -0.19011246566335052 -0.031318309434945055 0.1228012978520112 0.1644869120959664 -0.08545876597577115 -0.1468656518375685 0.2776429243567209 -0.5197502901560824 -0.03966243313121858 0.7230570911689216 -0.3140681325802894 0.34718959389091697 
0.14011925581565102 -0.4053326942914021 -0.13387732453822931 0.5414006994404942 0.43496610418294407 0.05631251335333524 -0.10897916884401906 0.41724888496909746 0.4414830280952862 -0.19836869384871564 0.19756293461669666 -0.43490457171766944 0.2911083459111725 -0.06090863618398806 0.10439969818647879 -0.2698974511935432 
0.01924038491705726 0.08089030458017095 -0.7827381718297365 0.16627753332122605 0.32825143742996504 0.022418762901004995 -0.12557120148382236 -0.7792757096426981 0.11589682348480722 0.13996781253974191 0.30690778496574356 0.11826520969678889 -0.19119379829281838 -0.06407099004214341 -0.13954879064634773 0.22993724532948603 
-0.12342550328680164 -0.4364367492566091 0.17024138297497302 -0.10174077624396945 0.2263678923601474 0.6975135956628874 -0.35731315380316514 0.5684025340210653 0.19928687556500282 -0.019712580932846606 -0.15301787965322602 0.23330367775766173 -0.2771356068293117 -0.10308924825902722 -0.5429340944964579 0.4324236794045679 
-0.34212329282198306 -0.10908607661829645 -0.06763222468505932 -0.2531560689942751 -0.4846323425000236 0.10757631861586264 -0.21095338287677748 -0.003058476346562306 -0.3074165306164903 -0.1142020566428054 0.045303488113992194 0.0059203297699685015 -0.26074794384102096 -0.21258394762975122 -0.5033622359294333 -0.3211057825307475 
0.019809042625914014 2.7315076648124878E-5 0.0010579044763589307 -0.0030824183487790056 0.0032969434120202765 -0.07893356921226827 0.07550270298066708 0.008375332904922728 7.044361225834132E-4 0.025689435846829485 0.00484818249677529 -6.031934091161544E-4 -0.028064281969884166 0.021120675494944965 -0.01525223036622179 -0.05390787718224037 
2 16
softmax
0.31264429718127573 0.10371926774733234 0.1448998540088617 0.22588504586554184 -0.15168122519995655 -0.8988275539304682 0.9076079942676883 0.44416617713967366 0.21340556098567598 0.7878849541152012 -0.274853949267648 -1.5026415294727973E-4 -0.6622714105477636 0.22503044070439418 -1.0285354911100042 0.2867410324468766 
-0.42352403702251223 0.15841636817633944 -0.09122965514238746 -0.16188223882121722 0.24025582877687998 0.46402626706918476 -0.8678194392037148 0.038549746751133734 0.1393181172730723 -1.2119836514343283 0.5332440951356374 0.3168482994503626 0.15499403489860322 -0.5194394613988079 0.4138659727872653 -0.09833872395812822 
-0.03465374955838804 0.03465374955838806 
7
1.0 -0.7610193750192455 -0.7702241042843934 -0.014440881038258333 -0.7512883019195947 0.7810983560473478 0.008725080184740637 
1.0 2.0158082529435117 1.94833310118022 2.0650868642787716 1.9965359922105197 2.1141572249273515 2.2933232923963587 
